S1 1 0 1 1p 0 150p 10000
R204 1 2 50
C400 2 0 140a
R0 2 3 132.97463424406868
R1 3 4 1666.6666666666658
R4 4 5 12.088603113097149
L0 5 6 1.6621829280508589E-10
C0 6 7 1.620341699964671E-15
C1 7 0 4.637916476114179E-17
R5 6 8 12.088603113097149
L1 8 9 1.6621829280508589E-10
C2 9 10 1.620341699964671E-15
C3 10 0 4.637916476114179E-17
R6 9 11 12.088603113097149
L2 11 12 1.6621829280508589E-10
C4 12 13 1.620341699964671E-15
C5 13 0 4.637916476114179E-17
R7 12 14 12.088603113097149
L3 14 15 1.6621829280508589E-10
C6 15 16 1.620341699964671E-15
C7 16 0 4.637916476114179E-17
R8 15 17 12.088603113097149
L4 17 18 1.6621829280508589E-10
C8 18 19 1.620341699964671E-15
C9 19 0 4.637916476114179E-17
R9 18 20 12.088603113097149
L5 20 21 1.6621829280508589E-10
C10 21 22 1.620341699964671E-15
C11 22 0 4.637916476114179E-17
R10 21 23 12.088603113097149
L6 23 24 1.6621829280508589E-10
C12 24 25 1.620341699964671E-15
C13 25 0 4.637916476114179E-17
R11 24 26 12.088603113097149
L7 26 27 1.6621829280508589E-10
C14 27 28 1.620341699964671E-15
C15 28 0 4.637916476114179E-17
R12 27 29 12.088603113097149
L8 29 30 1.6621829280508589E-10
C16 30 31 1.620341699964671E-15
C17 31 0 4.637916476114179E-17
R13 30 32 12.088603113097149
L9 32 33 1.6621829280508589E-10
C18 33 34 1.620341699964671E-15
C19 34 0 4.637916476114179E-17
R14 33 35 12.088603113097149
L10 35 36 1.6621829280508589E-10
C20 36 37 1.620341699964671E-15
C21 37 0 4.637916476114179E-17
R15 36 38 12.088603113097149
L11 38 39 1.6621829280508589E-10
C22 39 40 1.620341699964671E-15
C23 40 0 4.637916476114179E-17
R16 39 41 12.088603113097149
L12 41 42 1.6621829280508589E-10
C24 42 43 1.620341699964671E-15
C25 43 0 4.637916476114179E-17
R17 42 44 12.088603113097149
L13 44 45 1.6621829280508589E-10
C26 45 46 1.620341699964671E-15
C27 46 0 4.637916476114179E-17
R18 45 47 12.088603113097149
L14 47 48 1.6621829280508589E-10
C28 48 49 1.620341699964671E-15
C29 49 0 4.637916476114179E-17
R19 48 50 12.088603113097149
L15 50 51 1.6621829280508589E-10
C30 51 52 1.620341699964671E-15
C31 52 0 4.637916476114179E-17
R20 51 53 12.088603113097149
L16 53 54 1.6621829280508589E-10
C32 54 55 1.620341699964671E-15
C33 55 0 4.637916476114179E-17
R21 54 56 12.088603113097149
L17 56 57 1.6621829280508589E-10
C34 57 58 1.620341699964671E-15
C35 58 0 4.637916476114179E-17
R22 57 59 12.088603113097149
L18 59 60 1.6621829280508589E-10
C36 60 61 1.620341699964671E-15
C37 61 0 4.637916476114179E-17
R23 60 62 12.088603113097149
L19 62 63 1.6621829280508589E-10
C38 63 64 1.620341699964671E-15
C39 64 0 4.637916476114179E-17
R24 63 65 12.088603113097149
L20 65 66 1.6621829280508589E-10
C40 66 67 1.620341699964671E-15
C41 67 0 4.637916476114179E-17
R25 66 68 12.088603113097149
L21 68 69 1.6621829280508589E-10
C42 69 70 1.620341699964671E-15
C43 70 0 4.637916476114179E-17
R26 69 71 12.088603113097149
L22 71 72 1.6621829280508589E-10
C44 72 73 1.620341699964671E-15
C45 73 0 4.637916476114179E-17
R27 72 74 12.088603113097149
L23 74 75 1.6621829280508589E-10
C46 75 76 1.620341699964671E-15
C47 76 0 4.637916476114179E-17
R28 75 77 12.088603113097149
L24 77 78 1.6621829280508589E-10
C48 78 79 1.620341699964671E-15
C49 79 0 4.637916476114179E-17
R29 78 80 12.088603113097149
L25 80 81 1.6621829280508589E-10
C50 81 82 1.620341699964671E-15
C51 82 0 4.637916476114179E-17
R30 81 83 12.088603113097149
L26 83 84 1.6621829280508589E-10
C52 84 85 1.620341699964671E-15
C53 85 0 4.637916476114179E-17
R31 84 86 12.088603113097149
L27 86 87 1.6621829280508589E-10
C54 87 88 1.620341699964671E-15
C55 88 0 4.637916476114179E-17
R32 87 89 12.088603113097149
L28 89 90 1.6621829280508589E-10
C56 90 91 1.620341699964671E-15
C57 91 0 4.637916476114179E-17
R33 90 92 12.088603113097149
L29 92 93 1.6621829280508589E-10
C58 93 94 1.620341699964671E-15
C59 94 0 4.637916476114179E-17
R34 93 95 12.088603113097149
L30 95 96 1.6621829280508589E-10
C60 96 97 1.620341699964671E-15
C61 97 0 4.637916476114179E-17
R35 96 98 12.088603113097149
L31 98 99 1.6621829280508589E-10
C62 99 100 1.620341699964671E-15
C63 100 0 4.637916476114179E-17
R36 99 101 12.088603113097149
L32 101 102 1.6621829280508589E-10
C64 102 103 1.620341699964671E-15
C65 103 0 4.637916476114179E-17
R37 102 104 12.088603113097149
L33 104 105 1.6621829280508589E-10
C66 105 106 1.620341699964671E-15
C67 106 0 4.637916476114179E-17
R38 105 107 12.088603113097149
L34 107 108 1.6621829280508589E-10
C68 108 109 1.620341699964671E-15
C69 109 0 4.637916476114179E-17
R39 108 110 12.088603113097149
L35 110 111 1.6621829280508589E-10
C70 111 112 1.620341699964671E-15
C71 112 0 4.637916476114179E-17
R40 111 113 12.088603113097149
L36 113 114 1.6621829280508589E-10
C72 114 115 1.620341699964671E-15
C73 115 0 4.637916476114179E-17
R41 114 116 12.088603113097149
L37 116 117 1.6621829280508589E-10
C74 117 118 1.620341699964671E-15
C75 118 0 4.637916476114179E-17
R42 117 119 12.088603113097149
L38 119 120 1.6621829280508589E-10
C76 120 121 1.620341699964671E-15
C77 121 0 4.637916476114179E-17
R43 120 122 12.088603113097149
L39 122 123 1.6621829280508589E-10
C78 123 124 1.620341699964671E-15
C79 124 0 4.637916476114179E-17
R44 123 125 12.088603113097149
L40 125 126 1.6621829280508589E-10
C80 126 127 1.620341699964671E-15
C81 127 0 4.637916476114179E-17
R45 126 128 12.088603113097149
L41 128 129 1.6621829280508589E-10
C82 129 130 1.620341699964671E-15
C83 130 0 4.637916476114179E-17
R46 129 131 12.088603113097149
L42 131 132 1.6621829280508589E-10
C84 132 133 1.620341699964671E-15
C85 133 0 4.637916476114179E-17
R47 132 134 12.088603113097149
L43 134 135 1.6621829280508589E-10
C86 135 136 1.620341699964671E-15
C87 136 0 4.637916476114179E-17
R48 135 137 12.088603113097149
L44 137 138 1.6621829280508589E-10
C88 138 139 1.620341699964671E-15
C89 139 0 4.637916476114179E-17
R49 138 140 12.088603113097149
L45 140 141 1.6621829280508589E-10
C90 141 142 1.620341699964671E-15
C91 142 0 4.637916476114179E-17
R50 141 143 12.088603113097149
L46 143 144 1.6621829280508589E-10
C92 144 145 1.620341699964671E-15
C93 145 0 4.637916476114179E-17
R51 144 146 12.088603113097149
L47 146 147 1.6621829280508589E-10
C94 147 148 1.620341699964671E-15
C95 148 0 4.637916476114179E-17
R52 147 149 12.088603113097149
L48 149 150 1.6621829280508589E-10
C96 150 151 1.620341699964671E-15
C97 151 0 4.637916476114179E-17
R53 150 152 12.088603113097149
L49 152 153 1.6621829280508589E-10
C98 153 154 1.620341699964671E-15
C99 154 0 4.637916476114179E-17
R54 153 155 12.088603113097149
L50 155 156 1.6621829280508589E-10
C100 156 157 1.620341699964671E-15
C101 157 0 4.637916476114179E-17
R55 156 158 12.088603113097149
L51 158 159 1.6621829280508589E-10
C102 159 160 1.620341699964671E-15
C103 160 0 4.637916476114179E-17
R56 159 161 12.088603113097149
L52 161 162 1.6621829280508589E-10
C104 162 163 1.620341699964671E-15
C105 163 0 4.637916476114179E-17
R57 162 164 12.088603113097149
L53 164 165 1.6621829280508589E-10
C106 165 166 1.620341699964671E-15
C107 166 0 4.637916476114179E-17
R58 165 167 12.088603113097149
L54 167 168 1.6621829280508589E-10
C108 168 169 1.620341699964671E-15
C109 169 0 4.637916476114179E-17
R59 168 170 12.088603113097149
L55 170 171 1.6621829280508589E-10
C110 171 172 1.620341699964671E-15
C111 172 0 4.637916476114179E-17
R60 171 173 12.088603113097149
L56 173 174 1.6621829280508589E-10
C112 174 175 1.620341699964671E-15
C113 175 0 4.637916476114179E-17
R61 174 176 12.088603113097149
L57 176 177 1.6621829280508589E-10
C114 177 178 1.620341699964671E-15
C115 178 0 4.637916476114179E-17
R62 177 179 12.088603113097149
L58 179 180 1.6621829280508589E-10
C116 180 181 1.620341699964671E-15
C117 181 0 4.637916476114179E-17
R63 180 182 12.088603113097149
L59 182 183 1.6621829280508589E-10
C118 183 184 1.620341699964671E-15
C119 184 0 4.637916476114179E-17
R64 183 185 12.088603113097149
L60 185 186 1.6621829280508589E-10
C120 186 187 1.620341699964671E-15
C121 187 0 4.637916476114179E-17
R65 186 188 12.088603113097149
L61 188 189 1.6621829280508589E-10
C122 189 190 1.620341699964671E-15
C123 190 0 4.637916476114179E-17
R66 189 191 12.088603113097149
L62 191 192 1.6621829280508589E-10
C124 192 193 1.620341699964671E-15
C125 193 0 4.637916476114179E-17
R67 192 194 12.088603113097149
L63 194 195 1.6621829280508589E-10
C126 195 196 1.620341699964671E-15
C127 196 0 4.637916476114179E-17
R68 195 197 12.088603113097149
L64 197 198 1.6621829280508589E-10
C128 198 199 1.620341699964671E-15
C129 199 0 4.637916476114179E-17
R69 198 200 12.088603113097149
L65 200 201 1.6621829280508589E-10
C130 201 202 1.620341699964671E-15
C131 202 0 4.637916476114179E-17
R70 201 203 12.088603113097149
L66 203 204 1.6621829280508589E-10
C132 204 205 1.620341699964671E-15
C133 205 0 4.637916476114179E-17
R71 204 206 12.088603113097149
L67 206 207 1.6621829280508589E-10
C134 207 208 1.620341699964671E-15
C135 208 0 4.637916476114179E-17
R72 207 209 12.088603113097149
L68 209 210 1.6621829280508589E-10
C136 210 211 1.620341699964671E-15
C137 211 0 4.637916476114179E-17
R73 210 212 12.088603113097149
L69 212 213 1.6621829280508589E-10
C138 213 214 1.620341699964671E-15
C139 214 0 4.637916476114179E-17
R74 213 215 12.088603113097149
L70 215 216 1.6621829280508589E-10
C140 216 217 1.620341699964671E-15
C141 217 0 4.637916476114179E-17
R75 216 218 12.088603113097149
L71 218 219 1.6621829280508589E-10
C142 219 220 1.620341699964671E-15
C143 220 0 4.637916476114179E-17
R76 219 221 12.088603113097149
L72 221 222 1.6621829280508589E-10
C144 222 223 1.620341699964671E-15
C145 223 0 4.637916476114179E-17
R77 222 224 12.088603113097149
L73 224 225 1.6621829280508589E-10
C146 225 226 1.620341699964671E-15
C147 226 0 4.637916476114179E-17
R78 225 227 12.088603113097149
L74 227 228 1.6621829280508589E-10
C148 228 229 1.620341699964671E-15
C149 229 0 4.637916476114179E-17
R79 228 230 12.088603113097149
L75 230 231 1.6621829280508589E-10
C150 231 232 1.620341699964671E-15
C151 232 0 4.637916476114179E-17
R80 231 233 12.088603113097149
L76 233 234 1.6621829280508589E-10
C152 234 235 1.620341699964671E-15
C153 235 0 4.637916476114179E-17
R81 234 236 12.088603113097149
L77 236 237 1.6621829280508589E-10
C154 237 238 1.620341699964671E-15
C155 238 0 4.637916476114179E-17
R82 237 239 12.088603113097149
L78 239 240 1.6621829280508589E-10
C156 240 241 1.620341699964671E-15
C157 241 0 4.637916476114179E-17
R83 240 242 12.088603113097149
L79 242 243 1.6621829280508589E-10
C158 243 244 1.620341699964671E-15
C159 244 0 4.637916476114179E-17
R84 243 245 12.088603113097149
L80 245 246 1.6621829280508589E-10
C160 246 247 1.620341699964671E-15
C161 247 0 4.637916476114179E-17
R85 246 248 12.088603113097149
L81 248 249 1.6621829280508589E-10
C162 249 250 1.620341699964671E-15
C163 250 0 4.637916476114179E-17
R86 249 251 12.088603113097149
L82 251 252 1.6621829280508589E-10
C164 252 253 1.620341699964671E-15
C165 253 0 4.637916476114179E-17
R87 252 254 12.088603113097149
L83 254 255 1.6621829280508589E-10
C166 255 256 1.620341699964671E-15
C167 256 0 4.637916476114179E-17
R88 255 257 12.088603113097149
L84 257 258 1.6621829280508589E-10
C168 258 259 1.620341699964671E-15
C169 259 0 4.637916476114179E-17
R89 258 260 12.088603113097149
L85 260 261 1.6621829280508589E-10
C170 261 262 1.620341699964671E-15
C171 262 0 4.637916476114179E-17
R90 261 263 12.088603113097149
L86 263 264 1.6621829280508589E-10
C172 264 265 1.620341699964671E-15
C173 265 0 4.637916476114179E-17
R91 264 266 12.088603113097149
L87 266 267 1.6621829280508589E-10
C174 267 268 1.620341699964671E-15
C175 268 0 4.637916476114179E-17
R92 267 269 12.088603113097149
L88 269 270 1.6621829280508589E-10
C176 270 271 1.620341699964671E-15
C177 271 0 4.637916476114179E-17
R93 270 272 12.088603113097149
L89 272 273 1.6621829280508589E-10
C178 273 274 1.620341699964671E-15
C179 274 0 4.637916476114179E-17
R94 273 275 12.088603113097149
L90 275 276 1.6621829280508589E-10
C180 276 277 1.620341699964671E-15
C181 277 0 4.637916476114179E-17
R95 276 278 12.088603113097149
L91 278 279 1.6621829280508589E-10
C182 279 280 1.620341699964671E-15
C183 280 0 4.637916476114179E-17
R96 279 281 12.088603113097149
L92 281 282 1.6621829280508589E-10
C184 282 283 1.620341699964671E-15
C185 283 0 4.637916476114179E-17
R97 282 284 12.088603113097149
L93 284 285 1.6621829280508589E-10
C186 285 286 1.620341699964671E-15
C187 286 0 4.637916476114179E-17
R98 285 287 12.088603113097149
L94 287 288 1.6621829280508589E-10
C188 288 289 1.620341699964671E-15
C189 289 0 4.637916476114179E-17
R99 288 290 12.088603113097149
L95 290 291 1.6621829280508589E-10
C190 291 292 1.620341699964671E-15
C191 292 0 4.637916476114179E-17
R100 291 293 12.088603113097149
L96 293 294 1.6621829280508589E-10
C192 294 295 1.620341699964671E-15
C193 295 0 4.637916476114179E-17
R101 294 296 12.088603113097149
L97 296 297 1.6621829280508589E-10
C194 297 298 1.620341699964671E-15
C195 298 0 4.637916476114179E-17
R102 297 299 12.088603113097149
L98 299 300 1.6621829280508589E-10
C196 300 301 1.620341699964671E-15
C197 301 0 4.637916476114179E-17
R103 300 302 12.088603113097149
L99 302 303 1.6621829280508589E-10
C198 303 304 1.620341699964671E-15
C199 304 0 4.637916476114179E-17
R104 303 305 12.088603113097149
L100 305 306 1.6621829280508589E-10
C200 306 307 1.620341699964671E-15
C201 307 0 4.637916476114179E-17
R105 306 308 12.088603113097149
L101 308 309 1.6621829280508589E-10
C202 309 310 1.620341699964671E-15
C203 310 0 4.637916476114179E-17
R106 309 311 12.088603113097149
L102 311 312 1.6621829280508589E-10
C204 312 313 1.620341699964671E-15
C205 313 0 4.637916476114179E-17
R107 312 314 12.088603113097149
L103 314 315 1.6621829280508589E-10
C206 315 316 1.620341699964671E-15
C207 316 0 4.637916476114179E-17
R108 315 317 12.088603113097149
L104 317 318 1.6621829280508589E-10
C208 318 319 1.620341699964671E-15
C209 319 0 4.637916476114179E-17
R109 318 320 12.088603113097149
L105 320 321 1.6621829280508589E-10
C210 321 322 1.620341699964671E-15
C211 322 0 4.637916476114179E-17
R110 321 323 12.088603113097149
L106 323 324 1.6621829280508589E-10
C212 324 325 1.620341699964671E-15
C213 325 0 4.637916476114179E-17
R111 324 326 12.088603113097149
L107 326 327 1.6621829280508589E-10
C214 327 328 1.620341699964671E-15
C215 328 0 4.637916476114179E-17
R112 327 329 12.088603113097149
L108 329 330 1.6621829280508589E-10
C216 330 331 1.620341699964671E-15
C217 331 0 4.637916476114179E-17
R113 330 332 12.088603113097149
L109 332 333 1.6621829280508589E-10
C218 333 334 1.620341699964671E-15
C219 334 0 4.637916476114179E-17
R114 333 335 12.088603113097149
L110 335 336 1.6621829280508589E-10
C220 336 337 1.620341699964671E-15
C221 337 0 4.637916476114179E-17
R115 336 338 12.088603113097149
L111 338 339 1.6621829280508589E-10
C222 339 340 1.620341699964671E-15
C223 340 0 4.637916476114179E-17
R116 339 341 12.088603113097149
L112 341 342 1.6621829280508589E-10
C224 342 343 1.620341699964671E-15
C225 343 0 4.637916476114179E-17
R117 342 344 12.088603113097149
L113 344 345 1.6621829280508589E-10
C226 345 346 1.620341699964671E-15
C227 346 0 4.637916476114179E-17
R118 345 347 12.088603113097149
L114 347 348 1.6621829280508589E-10
C228 348 349 1.620341699964671E-15
C229 349 0 4.637916476114179E-17
R119 348 350 12.088603113097149
L115 350 351 1.6621829280508589E-10
C230 351 352 1.620341699964671E-15
C231 352 0 4.637916476114179E-17
R120 351 353 12.088603113097149
L116 353 354 1.6621829280508589E-10
C232 354 355 1.620341699964671E-15
C233 355 0 4.637916476114179E-17
R121 354 356 12.088603113097149
L117 356 357 1.6621829280508589E-10
C234 357 358 1.620341699964671E-15
C235 358 0 4.637916476114179E-17
R122 357 359 12.088603113097149
L118 359 360 1.6621829280508589E-10
C236 360 361 1.620341699964671E-15
C237 361 0 4.637916476114179E-17
R123 360 362 12.088603113097149
L119 362 363 1.6621829280508589E-10
C238 363 364 1.620341699964671E-15
C239 364 0 4.637916476114179E-17
R124 363 365 12.088603113097149
L120 365 366 1.6621829280508589E-10
C240 366 367 1.620341699964671E-15
C241 367 0 4.637916476114179E-17
R125 366 368 12.088603113097149
L121 368 369 1.6621829280508589E-10
C242 369 370 1.620341699964671E-15
C243 370 0 4.637916476114179E-17
R126 369 371 12.088603113097149
L122 371 372 1.6621829280508589E-10
C244 372 373 1.620341699964671E-15
C245 373 0 4.637916476114179E-17
R127 372 374 12.088603113097149
L123 374 375 1.6621829280508589E-10
C246 375 376 1.620341699964671E-15
C247 376 0 4.637916476114179E-17
R128 375 377 12.088603113097149
L124 377 378 1.6621829280508589E-10
C248 378 379 1.620341699964671E-15
C249 379 0 4.637916476114179E-17
R129 378 380 12.088603113097149
L125 380 381 1.6621829280508589E-10
C250 381 382 1.620341699964671E-15
C251 382 0 4.637916476114179E-17
R130 381 383 12.088603113097149
L126 383 384 1.6621829280508589E-10
C252 384 385 1.620341699964671E-15
C253 385 0 4.637916476114179E-17
R131 384 386 12.088603113097149
L127 386 387 1.6621829280508589E-10
C254 387 388 1.620341699964671E-15
C255 388 0 4.637916476114179E-17
R132 387 389 12.088603113097149
L128 389 390 1.6621829280508589E-10
C256 390 391 1.620341699964671E-15
C257 391 0 4.637916476114179E-17
R133 390 392 12.088603113097149
L129 392 393 1.6621829280508589E-10
C258 393 394 1.620341699964671E-15
C259 394 0 4.637916476114179E-17
R134 393 395 12.088603113097149
L130 395 396 1.6621829280508589E-10
C260 396 397 1.620341699964671E-15
C261 397 0 4.637916476114179E-17
R135 396 398 12.088603113097149
L131 398 399 1.6621829280508589E-10
C262 399 400 1.620341699964671E-15
C263 400 0 4.637916476114179E-17
R136 399 401 12.088603113097149
L132 401 402 1.6621829280508589E-10
C264 402 403 1.620341699964671E-15
C265 403 0 4.637916476114179E-17
R137 402 404 12.088603113097149
L133 404 405 1.6621829280508589E-10
C266 405 406 1.620341699964671E-15
C267 406 0 4.637916476114179E-17
R138 405 407 12.088603113097149
L134 407 408 1.6621829280508589E-10
C268 408 409 1.620341699964671E-15
C269 409 0 4.637916476114179E-17
R139 408 410 12.088603113097149
L135 410 411 1.6621829280508589E-10
C270 411 412 1.620341699964671E-15
C271 412 0 4.637916476114179E-17
R140 411 413 12.088603113097149
L136 413 414 1.6621829280508589E-10
C272 414 415 1.620341699964671E-15
C273 415 0 4.637916476114179E-17
R141 414 416 12.088603113097149
L137 416 417 1.6621829280508589E-10
C274 417 418 1.620341699964671E-15
C275 418 0 4.637916476114179E-17
R142 417 419 12.088603113097149
L138 419 420 1.6621829280508589E-10
C276 420 421 1.620341699964671E-15
C277 421 0 4.637916476114179E-17
R143 420 422 12.088603113097149
L139 422 423 1.6621829280508589E-10
C278 423 424 1.620341699964671E-15
C279 424 0 4.637916476114179E-17
R144 423 425 12.088603113097149
L140 425 426 1.6621829280508589E-10
C280 426 427 1.620341699964671E-15
C281 427 0 4.637916476114179E-17
R145 426 428 12.088603113097149
L141 428 429 1.6621829280508589E-10
C282 429 430 1.620341699964671E-15
C283 430 0 4.637916476114179E-17
R146 429 431 12.088603113097149
L142 431 432 1.6621829280508589E-10
C284 432 433 1.620341699964671E-15
C285 433 0 4.637916476114179E-17
R147 432 434 12.088603113097149
L143 434 435 1.6621829280508589E-10
C286 435 436 1.620341699964671E-15
C287 436 0 4.637916476114179E-17
R148 435 437 12.088603113097149
L144 437 438 1.6621829280508589E-10
C288 438 439 1.620341699964671E-15
C289 439 0 4.637916476114179E-17
R149 438 440 12.088603113097149
L145 440 441 1.6621829280508589E-10
C290 441 442 1.620341699964671E-15
C291 442 0 4.637916476114179E-17
R150 441 443 12.088603113097149
L146 443 444 1.6621829280508589E-10
C292 444 445 1.620341699964671E-15
C293 445 0 4.637916476114179E-17
R151 444 446 12.088603113097149
L147 446 447 1.6621829280508589E-10
C294 447 448 1.620341699964671E-15
C295 448 0 4.637916476114179E-17
R152 447 449 12.088603113097149
L148 449 450 1.6621829280508589E-10
C296 450 451 1.620341699964671E-15
C297 451 0 4.637916476114179E-17
R153 450 452 12.088603113097149
L149 452 453 1.6621829280508589E-10
C298 453 454 1.620341699964671E-15
C299 454 0 4.637916476114179E-17
R154 453 455 12.088603113097149
L150 455 456 1.6621829280508589E-10
C300 456 457 1.620341699964671E-15
C301 457 0 4.637916476114179E-17
R155 456 458 12.088603113097149
L151 458 459 1.6621829280508589E-10
C302 459 460 1.620341699964671E-15
C303 460 0 4.637916476114179E-17
R156 459 461 12.088603113097149
L152 461 462 1.6621829280508589E-10
C304 462 463 1.620341699964671E-15
C305 463 0 4.637916476114179E-17
R157 462 464 12.088603113097149
L153 464 465 1.6621829280508589E-10
C306 465 466 1.620341699964671E-15
C307 466 0 4.637916476114179E-17
R158 465 467 12.088603113097149
L154 467 468 1.6621829280508589E-10
C308 468 469 1.620341699964671E-15
C309 469 0 4.637916476114179E-17
R159 468 470 12.088603113097149
L155 470 471 1.6621829280508589E-10
C310 471 472 1.620341699964671E-15
C311 472 0 4.637916476114179E-17
R160 471 473 12.088603113097149
L156 473 474 1.6621829280508589E-10
C312 474 475 1.620341699964671E-15
C313 475 0 4.637916476114179E-17
R161 474 476 12.088603113097149
L157 476 477 1.6621829280508589E-10
C314 477 478 1.620341699964671E-15
C315 478 0 4.637916476114179E-17
R162 477 479 12.088603113097149
L158 479 480 1.6621829280508589E-10
C316 480 481 1.620341699964671E-15
C317 481 0 4.637916476114179E-17
R163 480 482 12.088603113097149
L159 482 483 1.6621829280508589E-10
C318 483 484 1.620341699964671E-15
C319 484 0 4.637916476114179E-17
R164 483 485 12.088603113097149
L160 485 486 1.6621829280508589E-10
C320 486 487 1.620341699964671E-15
C321 487 0 4.637916476114179E-17
R165 486 488 12.088603113097149
L161 488 489 1.6621829280508589E-10
C322 489 490 1.620341699964671E-15
C323 490 0 4.637916476114179E-17
R166 489 491 12.088603113097149
L162 491 492 1.6621829280508589E-10
C324 492 493 1.620341699964671E-15
C325 493 0 4.637916476114179E-17
R167 492 494 12.088603113097149
L163 494 495 1.6621829280508589E-10
C326 495 496 1.620341699964671E-15
C327 496 0 4.637916476114179E-17
R168 495 497 12.088603113097149
L164 497 498 1.6621829280508589E-10
C328 498 499 1.620341699964671E-15
C329 499 0 4.637916476114179E-17
R169 498 500 12.088603113097149
L165 500 501 1.6621829280508589E-10
C330 501 502 1.620341699964671E-15
C331 502 0 4.637916476114179E-17
R170 501 503 12.088603113097149
L166 503 504 1.6621829280508589E-10
C332 504 505 1.620341699964671E-15
C333 505 0 4.637916476114179E-17
R171 504 506 12.088603113097149
L167 506 507 1.6621829280508589E-10
C334 507 508 1.620341699964671E-15
C335 508 0 4.637916476114179E-17
R172 507 509 12.088603113097149
L168 509 510 1.6621829280508589E-10
C336 510 511 1.620341699964671E-15
C337 511 0 4.637916476114179E-17
R173 510 512 12.088603113097149
L169 512 513 1.6621829280508589E-10
C338 513 514 1.620341699964671E-15
C339 514 0 4.637916476114179E-17
R174 513 515 12.088603113097149
L170 515 516 1.6621829280508589E-10
C340 516 517 1.620341699964671E-15
C341 517 0 4.637916476114179E-17
R175 516 518 12.088603113097149
L171 518 519 1.6621829280508589E-10
C342 519 520 1.620341699964671E-15
C343 520 0 4.637916476114179E-17
R176 519 521 12.088603113097149
L172 521 522 1.6621829280508589E-10
C344 522 523 1.620341699964671E-15
C345 523 0 4.637916476114179E-17
R177 522 524 12.088603113097149
L173 524 525 1.6621829280508589E-10
C346 525 526 1.620341699964671E-15
C347 526 0 4.637916476114179E-17
R178 525 527 12.088603113097149
L174 527 528 1.6621829280508589E-10
C348 528 529 1.620341699964671E-15
C349 529 0 4.637916476114179E-17
R179 528 530 12.088603113097149
L175 530 531 1.6621829280508589E-10
C350 531 532 1.620341699964671E-15
C351 532 0 4.637916476114179E-17
R180 531 533 12.088603113097149
L176 533 534 1.6621829280508589E-10
C352 534 535 1.620341699964671E-15
C353 535 0 4.637916476114179E-17
R181 534 536 12.088603113097149
L177 536 537 1.6621829280508589E-10
C354 537 538 1.620341699964671E-15
C355 538 0 4.637916476114179E-17
R182 537 539 12.088603113097149
L178 539 540 1.6621829280508589E-10
C356 540 541 1.620341699964671E-15
C357 541 0 4.637916476114179E-17
R183 540 542 12.088603113097149
L179 542 543 1.6621829280508589E-10
C358 543 544 1.620341699964671E-15
C359 544 0 4.637916476114179E-17
R184 543 545 12.088603113097149
L180 545 546 1.6621829280508589E-10
C360 546 547 1.620341699964671E-15
C361 547 0 4.637916476114179E-17
R185 546 548 12.088603113097149
L181 548 549 1.6621829280508589E-10
C362 549 550 1.620341699964671E-15
C363 550 0 4.637916476114179E-17
R186 549 551 12.088603113097149
L182 551 552 1.6621829280508589E-10
C364 552 553 1.620341699964671E-15
C365 553 0 4.637916476114179E-17
R187 552 554 12.088603113097149
L183 554 555 1.6621829280508589E-10
C366 555 556 1.620341699964671E-15
C367 556 0 4.637916476114179E-17
R188 555 557 12.088603113097149
L184 557 558 1.6621829280508589E-10
C368 558 559 1.620341699964671E-15
C369 559 0 4.637916476114179E-17
R189 558 560 12.088603113097149
L185 560 561 1.6621829280508589E-10
C370 561 562 1.620341699964671E-15
C371 562 0 4.637916476114179E-17
R190 561 563 12.088603113097149
L186 563 564 1.6621829280508589E-10
C372 564 565 1.620341699964671E-15
C373 565 0 4.637916476114179E-17
R191 564 566 12.088603113097149
L187 566 567 1.6621829280508589E-10
C374 567 568 1.620341699964671E-15
C375 568 0 4.637916476114179E-17
R192 567 569 12.088603113097149
L188 569 570 1.6621829280508589E-10
C376 570 571 1.620341699964671E-15
C377 571 0 4.637916476114179E-17
R193 570 572 12.088603113097149
L189 572 573 1.6621829280508589E-10
C378 573 574 1.620341699964671E-15
C379 574 0 4.637916476114179E-17
R194 573 575 12.088603113097149
L190 575 576 1.6621829280508589E-10
C380 576 577 1.620341699964671E-15
C381 577 0 4.637916476114179E-17
R195 576 578 12.088603113097149
L191 578 579 1.6621829280508589E-10
C382 579 580 1.620341699964671E-15
C383 580 0 4.637916476114179E-17
R196 579 581 12.088603113097149
L192 581 582 1.6621829280508589E-10
C384 582 583 1.620341699964671E-15
C385 583 0 4.637916476114179E-17
R197 582 584 12.088603113097149
L193 584 585 1.6621829280508589E-10
C386 585 586 1.620341699964671E-15
C387 586 0 4.637916476114179E-17
R198 585 587 12.088603113097149
L194 587 588 1.6621829280508589E-10
C388 588 589 1.620341699964671E-15
C389 589 0 4.637916476114179E-17
R199 588 590 12.088603113097149
L195 590 591 1.6621829280508589E-10
C390 591 592 1.620341699964671E-15
C391 592 0 4.637916476114179E-17
R200 591 593 12.088603113097149
L196 593 594 1.6621829280508589E-10
C392 594 595 1.620341699964671E-15
C393 595 0 4.637916476114179E-17
R201 594 596 12.088603113097149
L197 596 597 1.6621829280508589E-10
C394 597 598 1.620341699964671E-15
C395 598 0 4.637916476114179E-17
R202 597 599 12.088603113097149
L198 599 600 1.6621829280508589E-10
C396 600 601 1.620341699964671E-15
C397 601 0 4.637916476114179E-17
R203 600 602 12.088603113097149
L199 602 603 1.6621829280508589E-10
C398 603 604 1.620341699964671E-15
C399 604 0 4.637916476114179E-17
R2 603 605 132.97463424406868
R3 605 606 1666.6666666666658
C401 606 0 49a
.time 606
.end