0.0	0.0
1.5E-13	0.01651430483110552
3.0E-13	0.051648489049729136
4.5E-13	0.08535622606389491
6.0E-13	0.11548232960753377
7.499999999999999E-13	0.147345564370424
8.999999999999999E-13	0.18075931097277667
1.05E-12	0.20767859069939676
1.2E-12	0.21720474927366934
1.35E-12	0.215875731799675
1.4999999999999999E-12	0.21684322920141733
1.6499999999999998E-12	0.21923106711259527
1.7999999999999998E-12	0.2203784898654764
1.95E-12	0.2213473438334906
2.1E-12	0.22291784264954365
2.25E-12	0.2242843252288215
2.4E-12	0.22534184209546548
2.55E-12	0.22660720122734843
2.7E-12	0.2279313272115981
2.8499999999999998E-12	0.22904074472448965
2.9999999999999997E-12	0.23015525333522813
3.1499999999999997E-12	0.23137326836748529
3.2999999999999997E-12	0.2324937732761361
3.4499999999999996E-12	0.23353288125323549
3.5999999999999996E-12	0.2346362106152181
3.75E-12	0.235728217346446
3.9E-12	0.23672853902831556
4.05E-12	0.23773336943856388
4.2E-12	0.23876652014865338
4.35E-12	0.23974081207792347
4.5E-12	0.2406746497522532
4.65E-12	0.24163247265655563
4.8E-12	0.24257174623452396
4.95E-12	0.2434576403501978
5.1E-12	0.24434209929321352
5.25E-12	0.24523341423982353
5.4E-12	0.2460845057146373
5.5499999999999996E-12	0.24690834379384485
5.6999999999999995E-12	0.24774026873520882
5.8499999999999995E-12	0.24855548121631943
5.9999999999999995E-12	0.2493346764156278
6.1499999999999994E-12	0.25010788131516937
6.2999999999999994E-12	0.2508797949605372
6.449999999999999E-12	0.2516228149189962
6.599999999999999E-12	0.25234503642071143
6.749999999999999E-12	0.25306741111813663
6.899999999999999E-12	0.25377561261450476
7.049999999999999E-12	0.2544573247164918
7.199999999999999E-12	0.255131019959043
7.349999999999999E-12	0.25579966569461804
7.5E-12	0.2564465387325851
7.65E-12	0.25707686323394585
7.800000000000001E-12	0.2577044369339653
7.950000000000002E-12	0.2583187183125121
8.100000000000003E-12	0.258912154033885
8.250000000000004E-12	0.25949778347229974
8.400000000000005E-12	0.2600774356311102
8.550000000000005E-12	0.2606391812032722
8.700000000000006E-12	0.2611867669423127
8.850000000000007E-12	0.26173017392269404
9.000000000000008E-12	0.2622624211344315
9.150000000000008E-12	0.26277786601599545
9.30000000000001E-12	0.26328442492440807
9.45000000000001E-12	0.26378476588581584
9.60000000000001E-12	0.26427116342061513
9.750000000000012E-12	0.2647456445669838
9.900000000000012E-12	0.26521440909805044
1.0050000000000013E-11	0.2656734552428309
1.0200000000000014E-11	0.2661193227026498
1.0350000000000015E-11	0.26655685932973544
1.0500000000000015E-11	0.2669880148612407
1.0650000000000016E-11	0.2674076485551811
1.0800000000000017E-11	0.2678160846792221
1.0950000000000018E-11	0.2682193687835337
1.1100000000000019E-11	0.268614450153138
1.125000000000002E-11	0.26899809442929085
1.140000000000002E-11	0.2693738723789055
1.1550000000000021E-11	0.26974389315386177
1.1700000000000022E-11	0.27010466687693835
1.1850000000000022E-11	0.27045538603570757
1.2000000000000023E-11	0.2708002238878994
1.2150000000000024E-11	0.27113782966117345
1.2300000000000025E-11	0.27146589729705783
1.2450000000000026E-11	0.2717875418165122
1.2600000000000026E-11	0.2721034672071698
1.2750000000000027E-11	0.2724105060036883
1.2900000000000028E-11	0.27270984334746634
1.3050000000000029E-11	0.2730037543542447
1.320000000000003E-11	0.27329150100704364
1.335000000000003E-11	0.2735708008891697
1.3500000000000031E-11	0.27384340764942683
1.3650000000000032E-11	0.2741108643609986
1.3800000000000032E-11	0.2743714849423544
1.3950000000000033E-11	0.27462501648334137
1.4100000000000034E-11	0.2748737442898417
1.4250000000000035E-11	0.2751164910260586
1.4400000000000036E-11	0.2753518019422682
1.4550000000000036E-11	0.27558210046874976
1.4700000000000037E-11	0.27580775244916805
1.4850000000000038E-11	0.27602677064184067
1.500000000000004E-11	0.2762393536153208
1.515000000000004E-11	0.2764466486223274
1.530000000000004E-11	0.27664990734603007
1.545000000000004E-11	0.27684728972448674
1.5600000000000042E-11	0.277039158621248
1.5750000000000043E-11	0.27722612158913945
1.5900000000000043E-11	0.2774080228870598
1.6050000000000044E-11	0.27758496311167763
1.6200000000000045E-11	0.27775706073123374
1.6350000000000046E-11	0.2779244059909244
1.6500000000000046E-11	0.2780868779675428
1.6650000000000047E-11	0.2782454674034066
1.6800000000000048E-11	0.2784000417727259
1.695000000000005E-11	0.27854887578587506
1.710000000000005E-11	0.27869282614400503
1.725000000000005E-11	0.2788334464898833
1.740000000000005E-11	0.2789700011568849
1.7550000000000052E-11	0.279102016295429
1.7700000000000053E-11	0.27922952013634367
1.7850000000000053E-11	0.27935294663819216
1.8000000000000054E-11	0.27947306361070423
1.8150000000000055E-11	0.27958992335846355
1.8300000000000056E-11	0.2797025887782417
1.8450000000000056E-11	0.2798108880871751
1.8600000000000057E-11	0.2799154498956119
1.8750000000000058E-11	0.2800166327136632
1.890000000000006E-11	0.28011466559070636
1.905000000000006E-11	0.2802082468255563
1.920000000000006E-11	0.2802986046934565
1.935000000000006E-11	0.2803865223365902
1.9500000000000062E-11	0.2804709163755811
1.9650000000000063E-11	0.28055125709351636
1.9800000000000063E-11	0.28062824896201316
1.9950000000000064E-11	0.2807030622717725
2.0100000000000065E-11	0.28077464283495185
2.0250000000000066E-11	0.2808429426859046
2.0400000000000067E-11	0.28090763819726816
2.0550000000000067E-11	0.2809689843154724
2.0700000000000068E-11	0.28102721806091496
2.085000000000007E-11	0.2810836879437241
2.100000000000007E-11	0.2811378186437399
2.115000000000007E-11	0.2811884736245407
2.130000000000007E-11	0.28123575879580953
2.1450000000000072E-11	0.28128086408703973
2.1600000000000073E-11	0.2813245398529975
2.1750000000000074E-11	0.28136550378717406
2.1900000000000074E-11	0.2814031534336538
2.2050000000000075E-11	0.2814387156925705
2.2200000000000076E-11	0.28147296401151656
2.2350000000000077E-11	0.2815066334293742
2.2500000000000077E-11	0.2815395513904809
2.2650000000000078E-11	0.28157423041907104
2.280000000000008E-11	0.2816135874884665
2.295000000000008E-11	0.2816619924787237
2.310000000000008E-11	0.28172671813923206
2.325000000000008E-11	0.2818190071363587
2.3400000000000082E-11	0.28195445208758463
2.3550000000000083E-11	0.282157495104842
2.3700000000000084E-11	0.2824637636343423
2.3850000000000084E-11	0.28292065537382366
2.4000000000000085E-11	0.2835923397985072
2.4150000000000086E-11	0.284564963501848
2.4300000000000087E-11	0.28594777447670205
2.4450000000000087E-11	0.28787465617824365
2.4600000000000088E-11	0.2904998977611063
2.475000000000009E-11	0.29399591521673274
2.490000000000009E-11	0.2985430246208863
2.505000000000009E-11	0.30431149891353315
2.520000000000009E-11	0.31143784186797
2.5350000000000092E-11	0.31999717742967926
2.5500000000000093E-11	0.32997606759093234
2.5650000000000094E-11	0.3412430603703941
2.5800000000000094E-11	0.3535311311955186
2.5950000000000095E-11	0.36643047567746195
2.6100000000000096E-11	0.37940379613758307
2.6250000000000097E-11	0.39182580557085817
2.6400000000000098E-11	0.4030483223051699
2.6550000000000098E-11	0.41247957961505954
2.67000000000001E-11	0.41967016425079523
2.68500000000001E-11	0.42439333462667717
2.70000000000001E-11	0.4266952374065922
2.71500000000001E-11	0.42690168738022916
2.7300000000000102E-11	0.42557341068329757
2.7450000000000103E-11	0.42341573061887483
2.7600000000000104E-11	0.42115354181875364
2.7750000000000105E-11	0.41939869078747644
2.7900000000000105E-11	0.41853919123492417
2.8050000000000106E-11	0.41868378444321336
2.8200000000000107E-11	0.41967467856759194
2.8350000000000108E-11	0.42116312875095485
2.8500000000000108E-11	0.42272896312579367
2.865000000000011E-11	0.4240121922302989
2.880000000000011E-11	0.4248085098011011
2.895000000000011E-11	0.42510954323192374
2.910000000000011E-11	0.4250733961542986
2.925000000000011E-11	0.4249450490485373
2.940000000000011E-11	0.4249541983927718
2.9550000000000114E-11	0.42523292373168114
2.9700000000000115E-11	0.4257816525718991
2.9850000000000115E-11	0.4264943386784815
3.0000000000000116E-11	0.4272178020218754
3.015000000000012E-11	0.4278229116600672
3.030000000000012E-11	0.4282602103232881
3.045000000000012E-11	0.4285660908444665
3.060000000000012E-11	0.4288297970457463
3.075000000000012E-11	0.4291403815358527
3.090000000000012E-11	0.4295465332422282
3.105000000000012E-11	0.43004104314529634
3.120000000000012E-11	0.43057315072316404
3.135000000000012E-11	0.43108357974306794
3.1500000000000124E-11	0.431537803872446
3.1650000000000125E-11	0.4319371013245116
3.1800000000000125E-11	0.43231455570074956
3.1950000000000126E-11	0.4327059970321275
3.210000000000013E-11	0.4331328377356753
3.225000000000013E-11	0.43359170902421373
3.240000000000013E-11	0.434061947077536
3.255000000000013E-11	0.43452021678363906
3.270000000000013E-11	0.4349577333369592
3.285000000000013E-11	0.43538104237516373
3.300000000000013E-11	0.43580036246011666
3.315000000000013E-11	0.43622658437742384
3.330000000000013E-11	0.4366658942136586
3.3450000000000134E-11	0.4371175153603135
3.3600000000000135E-11	0.4375710258008278
3.3750000000000135E-11	0.43801696603096085
3.3900000000000136E-11	0.43845540924773413
3.405000000000014E-11	0.4388899520775459
3.420000000000014E-11	0.43932632948044464
3.435000000000014E-11	0.43976802043915475
3.450000000000014E-11	0.44021561467298054
3.465000000000014E-11	0.44066618975964467
3.480000000000014E-11	0.44111660238547923
3.495000000000014E-11	0.4415655240001168
3.510000000000014E-11	0.44200923228487915
3.525000000000014E-11	0.4424503939779593
3.5400000000000144E-11	0.4428930359438462
3.5550000000000145E-11	0.44334378562978144
3.5700000000000146E-11	0.44380020566127115
3.5850000000000146E-11	0.44425539637198014
3.600000000000015E-11	0.44470751125014213
3.615000000000015E-11	0.4451557894454272
3.630000000000015E-11	0.4456039849163586
3.645000000000015E-11	0.4460561807886878
3.660000000000015E-11	0.4465146258668855
3.675000000000015E-11	0.4469747438194343
3.690000000000015E-11	0.44743093067841716
3.705000000000015E-11	0.44788285399596706
3.7200000000000153E-11	0.44833568986888395
3.7350000000000154E-11	0.44879237100244573
3.7500000000000155E-11	0.4492527372244659
3.7650000000000156E-11	0.44971553579399337
3.7800000000000156E-11	0.45017810646738354
3.795000000000016E-11	0.4506371857085736
3.810000000000016E-11	0.45109364329288254
3.825000000000016E-11	0.4515546858387635
3.840000000000016E-11	0.45202150824207465
3.855000000000016E-11	0.45248935011331365
3.870000000000016E-11	0.4529544244130838
3.885000000000016E-11	0.45341611523500136
3.900000000000016E-11	0.45387789257291944
3.9150000000000163E-11	0.4543443325682065
3.9300000000000164E-11	0.4548150367083512
3.9450000000000165E-11	0.4552868061998105
3.9600000000000166E-11	0.45575533105490285
3.9750000000000166E-11	0.45622093424145155
3.990000000000017E-11	0.4566882302103791
4.005000000000017E-11	0.4571597900030289
4.020000000000017E-11	0.45763415369655913
4.035000000000017E-11	0.45810696053939953
4.050000000000017E-11	0.45857683051823855
4.065000000000017E-11	0.45904702046709683
4.080000000000017E-11	0.4595218956054706
4.095000000000017E-11	0.45999983110630704
4.1100000000000173E-11	0.46047627763058124
4.1250000000000174E-11	0.46094956430949785
4.1400000000000175E-11	0.4614232465018126
4.1550000000000176E-11	0.4619000510876264
4.1700000000000177E-11	0.46237872304251293
4.185000000000018E-11	0.4628571812995281
4.200000000000018E-11	0.4633363179899427
4.215000000000018E-11	0.4638152325941351
4.230000000000018E-11	0.4642941005073786
4.245000000000018E-11	0.4647727315893528
4.260000000000018E-11	0.46525390629237906
4.275000000000018E-11	0.46573742378552024
4.290000000000018E-11	0.46621980528351886
4.3050000000000184E-11	0.46670182386277237
4.3200000000000184E-11	0.46718349487979965
4.3350000000000185E-11	0.4676662771299718
4.3500000000000186E-11	0.46814953297893863
4.3650000000000187E-11	0.46863417534710494
4.380000000000019E-11	0.46912005731765116
4.395000000000019E-11	0.46960544859685355
4.410000000000019E-11	0.4700924346232572
4.425000000000019E-11	0.47057925314941684
4.440000000000019E-11	0.47106574053852723
4.455000000000019E-11	0.47155234282372505
4.470000000000019E-11	0.472039573697235
4.485000000000019E-11	0.4725273014922392
4.5000000000000194E-11	0.4730159716928441
4.5150000000000194E-11	0.4735047056295046
4.5300000000000195E-11	0.4739942801003149
4.5450000000000196E-11	0.4744853958502095
4.5600000000000197E-11	0.4749759766045164
4.57500000000002E-11	0.47546532347077014
4.59000000000002E-11	0.4759547125380415
4.60500000000002E-11	0.476446772375899
4.62000000000002E-11	0.4769397524297928
4.63500000000002E-11	0.477432029830879
4.65000000000002E-11	0.4779240641331871
4.66500000000002E-11	0.4784177203088921
4.68000000000002E-11	0.47891075200944294
4.6950000000000204E-11	0.4794047566932943
4.7100000000000204E-11	0.4798997591827016
4.7250000000000205E-11	0.480398479911409
4.7400000000000206E-11	0.48089964983218825
4.7550000000000207E-11	0.4814035352606023
4.770000000000021E-11	0.48191018163088734
4.785000000000021E-11	0.48242322261637716
4.800000000000021E-11	0.48294680269353424
4.815000000000021E-11	0.4834819589555059
4.830000000000021E-11	0.48403316963892346
4.845000000000021E-11	0.4846046749829881
4.860000000000021E-11	0.48520520121755906
4.875000000000021E-11	0.48584227722836837
4.8900000000000214E-11	0.48652609919895834
4.9050000000000214E-11	0.4872693428339608
4.9200000000000215E-11	0.48808694579009043
4.9350000000000216E-11	0.48899492923289983
4.950000000000022E-11	0.49001330549886296
4.965000000000022E-11	0.49116154135307816
4.980000000000022E-11	0.49245808661591356
4.995000000000022E-11	0.4939232623586195
5.010000000000022E-11	0.49557430546810155
5.025000000000022E-11	0.4974225422267248
5.040000000000022E-11	0.499475162473944
5.055000000000022E-11	0.5017291735458053
5.070000000000022E-11	0.5041726540175335
5.0850000000000224E-11	0.5067855438988951
5.1000000000000225E-11	0.5095322243528584
5.1150000000000225E-11	0.5123651001023182
5.1300000000000226E-11	0.5152235693606891
5.145000000000023E-11	0.5180404282708746
5.160000000000023E-11	0.5207454894843487
5.175000000000023E-11	0.5232695732588468
5.190000000000023E-11	0.5255472946717974
5.205000000000023E-11	0.5275262722436188
5.220000000000023E-11	0.5291737409319838
5.235000000000023E-11	0.5304785805508863
5.250000000000023E-11	0.5314536367935493
5.265000000000023E-11	0.5321355735400821
5.2800000000000234E-11	0.5325817558865428
5.2950000000000235E-11	0.5328646574476718
5.3100000000000235E-11	0.5330622370458957
5.3250000000000236E-11	0.5332517205884533
5.340000000000024E-11	0.5334959061247339
5.355000000000024E-11	0.5338428934042112
5.370000000000024E-11	0.5343167810527875
5.385000000000024E-11	0.5349178901678742
5.400000000000024E-11	0.5356239242997137
5.415000000000024E-11	0.5363986639911116
5.430000000000024E-11	0.5372001419052048
5.445000000000024E-11	0.5379892297081316
5.460000000000024E-11	0.5387350853451095
5.4750000000000244E-11	0.5394217286420925
5.4900000000000245E-11	0.540047928618562
5.5050000000000245E-11	0.5406265212342491
5.5200000000000246E-11	0.5411790940014924
5.535000000000025E-11	0.5417313098949774
5.550000000000025E-11	0.5423044492161866
5.565000000000025E-11	0.5429111899501078
5.580000000000025E-11	0.5435520908753739
5.595000000000025E-11	0.5442188763306134
5.610000000000025E-11	0.5448976351427628
5.625000000000025E-11	0.5455726213890368
5.640000000000025E-11	0.5462319450391698
5.655000000000025E-11	0.5468718152879332
5.6700000000000254E-11	0.547497314376004
5.6850000000000255E-11	0.5481138001213504
5.7000000000000256E-11	0.5487278208459518
5.7150000000000256E-11	0.5493491085811005
5.730000000000026E-11	0.5499825314005911
5.745000000000026E-11	0.550627651684324
5.760000000000026E-11	0.5512796419605599
5.775000000000026E-11	0.5519326521014033
5.790000000000026E-11	0.5525823133464611
5.805000000000026E-11	0.5532264261831124
5.820000000000026E-11	0.5538628727357477
5.835000000000026E-11	0.554493228945808
5.850000000000025E-11	0.5551257773888438
5.865000000000024E-11	0.5557633289237307
5.880000000000024E-11	0.5564028837575955
5.895000000000023E-11	0.5570472031496136
5.910000000000023E-11	0.5576943336503835
5.925000000000022E-11	0.5583404124074267
5.940000000000022E-11	0.5589838910703896
5.955000000000021E-11	0.5596246945209244
5.97000000000002E-11	0.5602645286527816
5.98500000000002E-11	0.5609034125675009
6.000000000000019E-11	0.5615429524855785
6.015000000000019E-11	0.5621855472772185
6.030000000000018E-11	0.562831820266785
6.045000000000018E-11	0.563479921247803
6.060000000000017E-11	0.5641261951619265
6.075000000000017E-11	0.5647679178158174
6.090000000000016E-11	0.5654099865419463
6.105000000000015E-11	0.5660533292481201
6.120000000000015E-11	0.56669677864592
6.135000000000014E-11	0.5673383650495472
6.150000000000014E-11	0.5679821732443284
6.165000000000013E-11	0.5686276542763807
6.180000000000013E-11	0.5692737227121408
6.195000000000012E-11	0.5699193814758878
6.210000000000011E-11	0.570563122520407
6.225000000000011E-11	0.5712048402435672
6.24000000000001E-11	0.571845968940376
6.25500000000001E-11	0.572488288997068
6.270000000000009E-11	0.5731336945510085
6.285000000000009E-11	0.5737779808903118
6.300000000000008E-11	0.5744188519203152
6.315000000000007E-11	0.5750610836373797
6.330000000000007E-11	0.5757058035655337
6.345000000000006E-11	0.5763501335828521
6.360000000000006E-11	0.5769928199501674
6.375000000000005E-11	0.5776347807582031
6.390000000000005E-11	0.5782775930926163
6.405000000000004E-11	0.578920500906035
6.420000000000003E-11	0.5795626162550135
6.435000000000003E-11	0.5802030262801393
6.450000000000002E-11	0.5808438052578123
6.465000000000002E-11	0.5814872989479143
6.480000000000001E-11	0.5821289665227044
6.495E-11	0.5827687682520916
6.51E-11	0.5834098242217501
6.525E-11	0.5840511972491579
6.539999999999999E-11	0.5846919734724668
6.554999999999998E-11	0.5853307415974717
6.569999999999998E-11	0.5859693810721033
6.584999999999997E-11	0.5866090363167711
6.599999999999997E-11	0.5872482018043426
6.614999999999996E-11	0.5878869317186554
6.629999999999995E-11	0.5885266964346383
6.644999999999995E-11	0.5891665992246958
6.659999999999994E-11	0.5898038533264256
6.674999999999994E-11	0.5904392534264601
6.689999999999993E-11	0.5910761607962277
6.704999999999993E-11	0.5917155482420525
6.719999999999992E-11	0.5923539331651824
6.734999999999991E-11	0.5929903048504531
6.749999999999991E-11	0.5936234648313289
6.76499999999999E-11	0.5942586211228332
6.77999999999999E-11	0.5948946975186784
6.794999999999989E-11	0.5955295453279803
6.809999999999989E-11	0.5961626855321948
6.824999999999988E-11	0.5967961237081976
6.839999999999987E-11	0.5974297810491561
6.854999999999987E-11	0.598063797995014
6.869999999999986E-11	0.5986960872197742
6.884999999999986E-11	0.5993284232233318
6.899999999999985E-11	0.5999600183213589
6.914999999999985E-11	0.600591178629101
6.929999999999984E-11	0.6012207281096242
6.944999999999984E-11	0.601849490184579
6.959999999999983E-11	0.6024796538280583
6.974999999999982E-11	0.6031101177414127
6.989999999999982E-11	0.6037401583293069
7.004999999999981E-11	0.60436924561258
7.019999999999981E-11	0.6049966377521341
7.03499999999998E-11	0.6056248430178621
7.04999999999998E-11	0.6062520872018584
7.064999999999979E-11	0.6068774346782919
7.079999999999978E-11	0.6075018594125924
7.094999999999978E-11	0.6081295566451088
7.109999999999977E-11	0.6087564101090152
7.124999999999977E-11	0.6093795634270296
7.139999999999976E-11	0.6100035573997383
7.154999999999976E-11	0.6106282055376717
7.169999999999975E-11	0.6112517234755109
7.184999999999974E-11	0.6118720301207188
7.199999999999974E-11	0.6124938308732358
7.214999999999973E-11	0.6131181790519891
7.229999999999973E-11	0.6137419110414517
7.244999999999972E-11	0.6143639402540333
7.259999999999972E-11	0.614987310456784
7.274999999999971E-11	0.6156132158404288
7.28999999999997E-11	0.6162382960701069
7.30499999999997E-11	0.6168640651339932
7.319999999999969E-11	0.6174954242079669
7.334999999999969E-11	0.618133404349398
7.349999999999968E-11	0.6187744513152201
7.364999999999968E-11	0.6194220650316203
7.379999999999967E-11	0.6200788783938864
7.394999999999966E-11	0.6207477889380928
7.409999999999966E-11	0.621428809460317
7.424999999999965E-11	0.6221227571082308
7.439999999999965E-11	0.6228354529473416
7.454999999999964E-11	0.6235681597391882
7.469999999999964E-11	0.6243236676646905
7.484999999999963E-11	0.6251076309844122
7.499999999999962E-11	0.6259226136738704
7.514999999999962E-11	0.6267691049337663
7.529999999999961E-11	0.6276471141032633
7.544999999999961E-11	0.6285598795094344
7.55999999999996E-11	0.6295061860535691
7.57499999999996E-11	0.6304838784574831
7.589999999999959E-11	0.6314920708350408
7.604999999999958E-11	0.63252716375894
7.619999999999958E-11	0.6335824825215338
7.634999999999957E-11	0.6346489172757604
7.649999999999957E-11	0.6357198043872363
7.664999999999956E-11	0.6367861966098708
7.679999999999956E-11	0.6378363360762543
7.694999999999955E-11	0.6388571944366203
7.709999999999955E-11	0.6398417353608707
7.724999999999954E-11	0.6407859840696203
7.739999999999953E-11	0.6416786437435487
7.754999999999953E-11	0.6425119451988692
7.769999999999952E-11	0.6432906728220872
7.784999999999952E-11	0.6440148416148168
7.799999999999951E-11	0.6446847961196136
7.81499999999995E-11	0.6453091756371336
7.82999999999995E-11	0.6459008208051461
7.84499999999995E-11	0.6464698086768469
7.859999999999949E-11	0.6470236370641822
7.874999999999948E-11	0.6475718599896226
7.889999999999948E-11	0.6481277673484788
7.904999999999947E-11	0.6486971964914591
7.919999999999947E-11	0.6492848780563639
7.934999999999946E-11	0.6498890328125769
7.949999999999945E-11	0.6505103573758529
7.964999999999945E-11	0.6511465801761314
7.979999999999944E-11	0.6517897607785362
7.994999999999944E-11	0.6524373793994117
8.009999999999943E-11	0.6530863288653668
8.024999999999943E-11	0.6537301366456076
8.039999999999942E-11	0.6543655012884538
8.054999999999941E-11	0.6549918451965641
8.069999999999941E-11	0.6556083361149806
8.08499999999994E-11	0.6562194266376603
8.09999999999994E-11	0.6568249463087787
8.114999999999939E-11	0.6574291994450705
8.129999999999939E-11	0.6580357202196498
8.144999999999938E-11	0.6586451109850302
8.159999999999937E-11	0.65925876155519
8.174999999999937E-11	0.6598763252093509
8.189999999999936E-11	0.6604963078159972
8.204999999999936E-11	0.6611166833464064
8.219999999999935E-11	0.6617355415903196
8.234999999999935E-11	0.6623515098125144
8.249999999999934E-11	0.6629648057418067
8.264999999999933E-11	0.6635750047101311
8.279999999999933E-11	0.6641828759419177
8.294999999999932E-11	0.6647909318224764
8.309999999999932E-11	0.665397321817496
8.324999999999931E-11	0.6660018193788217
8.33999999999993E-11	0.6666059399243154
8.35499999999993E-11	0.6672140456329498
8.36999999999993E-11	0.6678240770491634
8.384999999999929E-11	0.6684331157994755
8.399999999999928E-11	0.6690409397748126
8.414999999999928E-11	0.6696476068143608
8.429999999999927E-11	0.6702522263512555
8.444999999999927E-11	0.6708536407075415
8.459999999999926E-11	0.671455022255163
8.474999999999925E-11	0.6720559361441868
8.489999999999925E-11	0.6726550601680409
8.504999999999924E-11	0.6732545655636929
8.519999999999924E-11	0.6738566454807912
8.534999999999923E-11	0.6744605183206739
8.549999999999923E-11	0.6750591066585921
8.564999999999922E-11	0.6756544341851091
8.579999999999922E-11	0.6762505359567176
8.594999999999921E-11	0.6768458143118236
8.60999999999992E-11	0.6774396785164069
8.62499999999992E-11	0.6780312982132329
8.639999999999919E-11	0.678624520563905
8.654999999999919E-11	0.6792189189483598
8.669999999999918E-11	0.6798120412583725
8.684999999999918E-11	0.680404304586042
8.699999999999917E-11	0.680994642323907
8.714999999999916E-11	0.6815846535603216
8.729999999999916E-11	0.6821746578511367
8.744999999999915E-11	0.6827623323519171
8.759999999999915E-11	0.6833496327810091
8.774999999999914E-11	0.6839363071557988
8.789999999999914E-11	0.6845241941016531
8.804999999999913E-11	0.6851102610369545
8.819999999999912E-11	0.6856937317169753
8.834999999999912E-11	0.6862755851802823
8.849999999999911E-11	0.6868575684815827
8.864999999999911E-11	0.6874402224290682
8.87999999999991E-11	0.6880211291122621
8.89499999999991E-11	0.6885996230539536
8.909999999999909E-11	0.6891774682786082
8.924999999999908E-11	0.6897561526191451
8.939999999999908E-11	0.6903340766661537
8.954999999999907E-11	0.6909101682076673
8.969999999999907E-11	0.6914868953668423
8.984999999999906E-11	0.6920632090929453
8.999999999999906E-11	0.6926388689736167
9.014999999999905E-11	0.6932129539389479
9.029999999999904E-11	0.6937851259143598
9.044999999999904E-11	0.6943571967751071
9.059999999999903E-11	0.6949272469366766
9.074999999999903E-11	0.6954972328039711
9.089999999999902E-11	0.6960663447119592
9.104999999999902E-11	0.6966346439029028
9.119999999999901E-11	0.6972022280089658
9.1349999999999E-11	0.697767867400147
9.1499999999999E-11	0.6983335790089785
9.164999999999899E-11	0.6988996724105129
9.179999999999899E-11	0.69946520760879
9.194999999999898E-11	0.7000288977154008
9.209999999999898E-11	0.7005911839040918
9.224999999999897E-11	0.7011511529229182
9.239999999999896E-11	0.7017106907960408
9.254999999999896E-11	0.7022701750449081
9.269999999999895E-11	0.7028309745588786
9.284999999999895E-11	0.7033904401183818
9.299999999999894E-11	0.703947417544092
9.314999999999894E-11	0.7045028442348839
9.329999999999893E-11	0.7050578227040267
9.344999999999893E-11	0.7056116293021796
9.359999999999892E-11	0.7061646723352676
9.374999999999891E-11	0.7067179027541147
9.389999999999891E-11	0.7072710152371976
9.40499999999989E-11	0.7078215514097747
9.41999999999989E-11	0.7083691008023038
9.434999999999889E-11	0.7089182814559964
9.449999999999889E-11	0.7094704037775725
9.464999999999888E-11	0.7100197767925464
9.479999999999887E-11	0.7105651416993224
9.494999999999887E-11	0.7111117436336318
9.509999999999886E-11	0.7116610733711988
9.524999999999886E-11	0.7122056426174282
9.539999999999885E-11	0.7127453521564425
9.554999999999885E-11	0.7132851738552011
9.569999999999884E-11	0.7138264120850997
9.584999999999883E-11	0.7143678859319066
9.599999999999883E-11	0.7149089268284579
9.614999999999882E-11	0.7154484088815013
9.629999999999882E-11	0.7159855588599511
9.644999999999881E-11	0.7165231308547263
9.65999999999988E-11	0.7170611010552274
9.67499999999988E-11	0.7175975273267913
9.68999999999988E-11	0.7181316322388779
9.704999999999879E-11	0.7186654550601043
9.719999999999878E-11	0.7191996641439341
9.734999999999878E-11	0.7197335674925621
9.749999999999877E-11	0.7202650374208178
9.764999999999877E-11	0.7207954860678415
9.779999999999876E-11	0.7213267425690337
9.794999999999875E-11	0.721856577650121
9.809999999999875E-11	0.722386102864221
9.824999999999874E-11	0.7229185403827365
9.839999999999874E-11	0.7234517166938289
9.854999999999873E-11	0.7239850714383407
9.869999999999873E-11	0.7245171797636771
9.884999999999872E-11	0.7250511312429863
9.899999999999871E-11	0.7255868583581686
9.914999999999871E-11	0.7261236662485823
9.92999999999987E-11	0.7266632784065674
9.94499999999987E-11	0.727207514507056
9.959999999999869E-11	0.7277545492693592
9.974999999999869E-11	0.7283037914051522
9.989999999999868E-11	0.7288564443149723
1.0004999999999867E-10	0.7294164446752469
1.0019999999999867E-10	0.7299841422765289
1.0034999999999866E-10	0.7305556848096189
1.0049999999999866E-10	0.7311305403140649
1.0064999999999865E-10	0.7317113082837655
1.0079999999999865E-10	0.7322984431951939
1.0094999999999864E-10	0.7328913704374882
1.0109999999999863E-10	0.733486299560362
1.0124999999999863E-10	0.7340855695495118
1.0139999999999862E-10	0.7346886906001602
1.0154999999999862E-10	0.7352950797224224
1.0169999999999861E-10	0.7358992047823761
1.0184999999999861E-10	0.7364999400319191
1.019999999999986E-10	0.7370975139213918
1.021499999999986E-10	0.7376917424326755
1.0229999999999859E-10	0.7382789606508439
1.0244999999999858E-10	0.7388557480118055
1.0259999999999858E-10	0.7394237414649144
1.0274999999999857E-10	0.7399841806481688
1.0289999999999857E-10	0.7405335148979854
1.0304999999999856E-10	0.7410703725298824
1.0319999999999856E-10	0.7415982066499557
1.0334999999999855E-10	0.7421164960274856
1.0349999999999854E-10	0.7426244862586905
1.0364999999999854E-10	0.7431246152434829
1.0379999999999853E-10	0.7436207456580325
1.0394999999999853E-10	0.7441123003109951
1.0409999999999852E-10	0.7445988271250759
1.0424999999999852E-10	0.7450849431000902
1.0439999999999851E-10	0.7455728739716058
1.045499999999985E-10	0.7460635942845908
1.046999999999985E-10	0.7465564334931422
1.0484999999999849E-10	0.7470511707947083
1.0499999999999849E-10	0.7475474301028409
1.0514999999999848E-10	0.7480441983505514
1.0529999999999848E-10	0.7485417311580974
1.0544999999999847E-10	0.7490408054217778
1.0559999999999846E-10	0.7495398022252804
1.0574999999999846E-10	0.7500370374070885
1.0589999999999845E-10	0.7505340223286947
1.0604999999999845E-10	0.7510282040301646
1.0619999999999844E-10	0.7515200276930445
1.0634999999999844E-10	0.7520086155146014
1.0649999999999843E-10	0.7524969632351202
1.0664999999999842E-10	0.7529841082599452
1.0679999999999842E-10	0.7534700168154063
1.0694999999999841E-10	0.7539558181980339
1.0709999999999841E-10	0.7544420111256138
1.072499999999984E-10	0.7549271318866122
1.073999999999984E-10	0.7554107521379739
1.0754999999999839E-10	0.7558935802553004
1.0769999999999838E-10	0.7563753590534019
1.0784999999999838E-10	0.7568579432281426
1.0799999999999837E-10	0.7573407432285119
1.0814999999999837E-10	0.7578222821366428
1.0829999999999836E-10	0.7583018963101814
1.0844999999999836E-10	0.7587810748009545
1.0859999999999835E-10	0.7592591803433473
1.0874999999999834E-10	0.7597352481522887
1.0889999999999834E-10	0.7602112627401144
1.0904999999999833E-10	0.7606866591560743
1.0919999999999833E-10	0.761160061216983
1.0934999999999832E-10	0.7616321271440252
1.0949999999999832E-10	0.762106567345771
1.0964999999999831E-10	0.7625808613907024
1.097999999999983E-10	0.763051700613652
1.099499999999983E-10	0.7635203478409355
1.100999999999983E-10	0.7639904762288262
1.1024999999999829E-10	0.7644607672961347
1.1039999999999828E-10	0.764928281192234
1.1054999999999828E-10	0.7653932050647243
1.1069999999999827E-10	0.7658590618578239
1.1084999999999827E-10	0.7663256329636772
1.1099999999999826E-10	0.7667903339480261
1.1114999999999825E-10	0.767254755693736
1.1129999999999825E-10	0.7677177597246222
1.1144999999999824E-10	0.7681797987072608
1.1159999999999824E-10	0.7686405714877343
1.1174999999999823E-10	0.7690993805920615
1.1189999999999823E-10	0.7695596814564218
1.1204999999999822E-10	0.7700194581132068
1.1219999999999821E-10	0.7704773248219622
1.1234999999999821E-10	0.7709357359628772
1.124999999999982E-10	0.7713928351853547
1.126499999999982E-10	0.7718488333460979
1.1279999999999819E-10	0.7723022530848694
1.1294999999999819E-10	0.7727539459105444
1.1309999999999818E-10	0.7732065482992211
1.1324999999999817E-10	0.7736594818831032
1.1339999999999817E-10	0.7741101291669898
1.1354999999999816E-10	0.7745596520589406
1.1369999999999816E-10	0.775008689330892
1.1384999999999815E-10	0.7754575979441687
1.1399999999999815E-10	0.7759059319635585
1.1414999999999814E-10	0.7763535046936542
1.1429999999999813E-10	0.7767990515237551
1.1444999999999813E-10	0.7772451404236275
1.1459999999999812E-10	0.7776897179133274
1.1474999999999812E-10	0.7781339054060866
1.1489999999999811E-10	0.7785796339375657
1.150499999999981E-10	0.7790243166971049
1.151999999999981E-10	0.7794658293926214
1.153499999999981E-10	0.7799037115604898
1.1549999999999809E-10	0.7803404674814232
1.1564999999999808E-10	0.7807803162971371
1.1579999999999808E-10	0.7812211632102147
1.1594999999999807E-10	0.7816591752387186
1.1609999999999807E-10	0.7820956785800665
1.1624999999999806E-10	0.7825326049640388
1.1639999999999805E-10	0.7829700059148405
1.1654999999999806E-10	0.7834043191041593
1.1669999999999806E-10	0.7838364772312811
1.1684999999999805E-10	0.7842678063342208
1.1699999999999805E-10	0.7846983532839165
1.1714999999999804E-10	0.7851288330237854
1.1729999999999803E-10	0.7855576160013499
1.1744999999999803E-10	0.7859859697678928
1.1759999999999802E-10	0.7864135126961844
1.1774999999999802E-10	0.7868406184813724
1.17899999999998E-10	0.7872684151607483
1.18049999999998E-10	0.7876939919850422
1.18199999999998E-10	0.7881191260386834
1.18349999999998E-10	0.7885454852752944
1.18499999999998E-10	0.7889714358827075
1.1864999999999798E-10	0.7893940658808025
1.1879999999999798E-10	0.7898137030687302
1.1894999999999797E-10	0.7902354415753414
1.1909999999999797E-10	0.7906592770081933
1.1924999999999796E-10	0.7910813910632869
1.1939999999999795E-10	0.7914986597496839
1.1954999999999795E-10	0.7919143984030869
1.1969999999999794E-10	0.7923309649981436
1.1984999999999794E-10	0.7927467113192133
1.1999999999999793E-10	0.7931618482216699
1.2014999999999793E-10	0.793576628802474
1.2029999999999792E-10	0.793991711071761
1.2044999999999791E-10	0.7944054361217001
1.205999999999979E-10	0.7948177792769389
1.207499999999979E-10	0.7952292933131647
1.208999999999979E-10	0.7956403151654138
1.210499999999979E-10	0.7960507101987114
1.2119999999999789E-10	0.79646125784579
1.2134999999999788E-10	0.7968704622138834
1.2149999999999787E-10	0.7972773349788977
1.2164999999999787E-10	0.7976847219778014
1.2179999999999786E-10	0.7980935090862035
1.2194999999999786E-10	0.7984986917224328
1.2209999999999785E-10	0.7989025314973642
1.2224999999999785E-10	0.7993071298182922
1.2239999999999784E-10	0.7997110621860071
1.2254999999999783E-10	0.8001123129600545
1.2269999999999783E-10	0.8005133298135142
1.2284999999999782E-10	0.8009158357171526
1.2299999999999782E-10	0.8013170286191248
1.231499999999978E-10	0.8017163198974617
1.232999999999978E-10	0.80211669719193
1.234499999999978E-10	0.8025170613043789
1.235999999999978E-10	0.8029153785720731
1.237499999999978E-10	0.8033143621043529
1.2389999999999778E-10	0.803715327512223
1.2404999999999778E-10	0.8041140048917268
1.2419999999999777E-10	0.8045123546368912
1.2434999999999777E-10	0.8049112147396671
1.2449999999999776E-10	0.8053089595313361
1.2464999999999775E-10	0.8057050284974538
1.2479999999999775E-10	0.8061016037547795
1.2494999999999774E-10	0.8065000794651311
1.2509999999999774E-10	0.806900532325653
1.2524999999999773E-10	0.8073000309247716
1.2539999999999773E-10	0.8076993444936479
1.2554999999999772E-10	0.8081002953692866
1.2569999999999772E-10	0.8085018405902986
1.258499999999977E-10	0.808902082955345
1.259999999999977E-10	0.8093037101664753
1.261499999999977E-10	0.8097078013591976
1.262999999999977E-10	0.8101111238014901
1.2644999999999769E-10	0.8105119928999348
1.2659999999999768E-10	0.810913749087966
1.2674999999999768E-10	0.8113165165676455
1.2689999999999767E-10	0.8117189457721112
1.2704999999999766E-10	0.8121200300367654
1.2719999999999766E-10	0.8125203107927299
1.2734999999999765E-10	0.8129170549306503
1.2749999999999765E-10	0.81331202651647
1.2764999999999764E-10	0.813705769096765
1.2779999999999764E-10	0.8140974199829677
1.2794999999999763E-10	0.8144868664205356
1.2809999999999762E-10	0.8148743962091713
1.2824999999999762E-10	0.8152598314869212
1.283999999999976E-10	0.8156413535449334
1.285499999999976E-10	0.8160212565892304
1.286999999999976E-10	0.8164011084123101
1.288499999999976E-10	0.8167769859130556
1.289999999999976E-10	0.8171480134833238
1.2914999999999758E-10	0.8175169848011387
1.2929999999999758E-10	0.8178869362478197
1.2944999999999757E-10	0.8182576648392736
1.2959999999999757E-10	0.8186277653382512
1.2974999999999756E-10	0.818994504430075
1.2989999999999756E-10	0.819361471493185
1.3004999999999755E-10	0.8197279228339962
1.3019999999999754E-10	0.8200924827265177
1.3034999999999754E-10	0.8204571908092215
1.3049999999999753E-10	0.8208217220770413
1.3064999999999753E-10	0.8211876899060171
1.3079999999999752E-10	0.821553785394533
1.3094999999999752E-10	0.8219205121558075
1.310999999999975E-10	0.8222859155594986
1.312499999999975E-10	0.8226505107367881
1.313999999999975E-10	0.8230117911798892
1.315499999999975E-10	0.8233736062211462
1.316999999999975E-10	0.8237364885738353
1.3184999999999748E-10	0.8240986137472478
1.3199999999999748E-10	0.8244552892746426
1.3214999999999747E-10	0.8248109289158752
1.3229999999999746E-10	0.8251703236148901
1.3244999999999746E-10	0.8255297000934708
1.3259999999999745E-10	0.8258857127017548
1.3274999999999745E-10	0.8262400923205546
1.3289999999999744E-10	0.8265940883388149
1.3304999999999744E-10	0.8269487949939269
1.3319999999999743E-10	0.8273035257696286
1.3334999999999743E-10	0.8276568652456046
1.3349999999999742E-10	0.8280098811810906
1.3364999999999741E-10	0.8283629624439243
1.337999999999974E-10	0.8287164389051302
1.339499999999974E-10	0.8290695248432434
1.340999999999974E-10	0.8294209027056711
1.342499999999974E-10	0.8297689200627791
1.3439999999999739E-10	0.8301156836860252
1.3454999999999738E-10	0.8304632376611535
1.3469999999999737E-10	0.8308086601493216
1.3484999999999737E-10	0.8311519197743713
1.3499999999999736E-10	0.8314964658939905
1.3514999999999736E-10	0.8318422109239882
1.3529999999999735E-10	0.8321873015715188
1.3544999999999735E-10	0.8325310858105656
1.3559999999999734E-10	0.8328733042287101
1.3574999999999733E-10	0.8332150944294852
1.3589999999999733E-10	0.8335564194154731
1.3604999999999732E-10	0.8338985625742723
1.3619999999999732E-10	0.834240947101933
1.363499999999973E-10	0.8345824732464605
1.364999999999973E-10	0.8349211778532596
1.366499999999973E-10	0.8352580799396875
1.367999999999973E-10	0.8355946653361335
1.369499999999973E-10	0.8359315668493142
1.3709999999999728E-10	0.8362690455601428
1.3724999999999728E-10	0.8366057072351787
1.3739999999999727E-10	0.8369424439982611
1.3754999999999727E-10	0.8372779987883262
1.3769999999999726E-10	0.8376118377325915
1.3784999999999725E-10	0.837943660582926
1.3799999999999725E-10	0.8382756735541044
1.3814999999999724E-10	0.8386079022010627
1.3829999999999724E-10	0.8389388620969417
1.3844999999999723E-10	0.8392688587230406
1.3859999999999723E-10	0.8395986274107906
1.3874999999999722E-10	0.8399279080399263
1.3889999999999721E-10	0.8402553708777716
1.390499999999972E-10	0.8405821252997466
1.391999999999972E-10	0.84090954405199
1.393499999999972E-10	0.8412362113727154
1.394999999999972E-10	0.8415611728101937
1.3964999999999719E-10	0.8418864211964392
1.3979999999999718E-10	0.8422131657314649
1.3994999999999717E-10	0.8425390418067606
1.4009999999999717E-10	0.8428618616936661
1.4024999999999716E-10	0.8431841099375171
1.4039999999999716E-10	0.8435062754467955
1.4054999999999715E-10	0.843827455933758
1.4069999999999715E-10	0.8441468631150125
1.4084999999999714E-10	0.8444650958059112
1.4099999999999713E-10	0.8447862784787175
1.4114999999999713E-10	0.8451075839762958
1.4129999999999712E-10	0.84542468898837
1.4144999999999712E-10	0.8457404291494985
1.415999999999971E-10	0.8460574073218805
1.417499999999971E-10	0.8463755597483436
1.418999999999971E-10	0.8466901213734818
1.420499999999971E-10	0.8470035976743673
1.421999999999971E-10	0.847318820276904
1.4234999999999708E-10	0.8476348720388494
1.4249999999999708E-10	0.8479501363584707
1.4264999999999707E-10	0.8482638021721691
1.4279999999999707E-10	0.8485741840576236
1.4294999999999706E-10	0.848884411811668
1.4309999999999706E-10	0.8491967339830397
1.4324999999999705E-10	0.8495083811952664
1.4339999999999704E-10	0.8498168561702596
1.4354999999999704E-10	0.850123299363407
1.4369999999999703E-10	0.850431261067207
1.4384999999999703E-10	0.8507394240744416
1.4399999999999702E-10	0.8510453729265836
1.4414999999999702E-10	0.8513503380137062
1.44299999999997E-10	0.8516569846403581
1.44449999999997E-10	0.8519649679794865
1.44599999999997E-10	0.8522703208569135
1.44749999999997E-10	0.8525715447104649
1.4489999999999699E-10	0.8528731083886751
1.4504999999999698E-10	0.8531764776058409
1.4519999999999698E-10	0.8534793460978488
1.4534999999999697E-10	0.85377982781122
1.4549999999999696E-10	0.8540798317524102
1.4564999999999696E-10	0.8543790110664222
1.4579999999999695E-10	0.8546789597951995
1.4594999999999695E-10	0.854977745474094
1.4609999999999694E-10	0.8552765114329263
1.4624999999999694E-10	0.8555755465495252
1.4639999999999693E-10	0.8558747591519354
1.4654999999999692E-10	0.8561730646891613
1.4669999999999692E-10	0.8564701145823459
1.4684999999999691E-10	0.8567659220711191
1.469999999999969E-10	0.8570607594931605
1.471499999999969E-10	0.8573548303076368
1.472999999999969E-10	0.8576497429394063
1.474499999999969E-10	0.8579437169634578
1.4759999999999688E-10	0.8582358677133584
1.4774999999999688E-10	0.8585263261188778
1.4789999999999687E-10	0.8588174809103212
1.4804999999999687E-10	0.859108248781372
1.4819999999999686E-10	0.859400370585087
1.4834999999999686E-10	0.8596931636909556
1.4849999999999685E-10	0.8599834465945889
1.4864999999999684E-10	0.8602718193042248
1.4879999999999684E-10	0.8605599033520658
1.4894999999999683E-10	0.8608491757903052
1.4909999999999683E-10	0.8611365709133643
1.4924999999999682E-10	0.8614217484440149
1.4939999999999682E-10	0.8617060007076546
1.495499999999968E-10	0.8619924627183122
1.496999999999968E-10	0.8622812411419508
1.498499999999968E-10	0.8625677839389236
